-2.78 -3.22 -3.49 -3.61 -2.66 -0.79 -1.18 -2.22 -4.16 -6.65 -8.76 -9.79 -9.40 -5.26 -0.50 -1.03 2.29 2.72 3.62 3.19 2.13 -0.14 -1.32 -2.17
-3.69 -4.25 -4.50 -4.47 -4.30 -4.21 -4.26 -5.14 -7.05 -9.53 -11.66 -12.44 -10.04 -5.73 -7.14 -3.71 -0.17 2.32 3.13 2.69 1.70 -0.57 -1.85 -2.89
-3.18 -3.81 -4.00 -3.79 -3.41 -3.22 -3.65 -5.07 -7.28 -9.79 -11.66 -11.49 -8.00 -10.84 -8.08 -4.47 -0.81 1.72 2.54 2.18 1.32 0.18 -1.08 -2.23
-2.52 -3.18 -3.38 -3.19 -2.92 -3.02 -3.82 -5.18 -6.90 -8.62 -9.51 -7.93 -12.63 -10.99 -8.17 -4.53 -0.97 1.48 2.35 2.09 1.37 0.42 -0.63 -1.61
-1.10 -1.65 -1.99 -2.16 -2.38 -2.88 -3.69 -4.68 -5.66 -6.34 -10.75 -11.95 -11.60 -9.91 -7.09 -3.64 -0.48 1.74 2.77 2.63 1.94 1.07 0.19 -0.52
0.03 -0.42 -0.97 -1.50 -2.04 -2.66 -3.34 -3.94 -5.13 -7.96 -10.21 -10.97 -10.30 -8.34 -5.53 -2.60 0.00 2.02 3.34 3.49 2.79 1.86 0.99 0.38
0.29 -0.13 -0.75 -1.36 -1.95 -2.53 -3.04 -3.67 -5.63 -8.09 -9.74 -10.02 -8.83 -6.59 -4.25 -1.92 0.38 2.32 3.65 4.08 3.41 2.36 1.37 0.66
-0.16 -0.63 -1.24 -1.83 -2.34 -2.73 -2.95 -4.02 -6.00 -8.08 -9.19 -8.81 -7.16 -5.50 -3.89 -2.04 0.11 2.12 3.55 4.03 3.39 2.22 1.11 0.30
-1.25 -1.78 -2.39 -2.92 -3.27 -3.36 -3.43 -4.50 -6.35 -7.96 -8.33 -7.39 -6.41 -5.66 -4.59 -2.95 -0.73 1.44 2.98 3.40 2.62 1.28 0.09 -0.74
-2.47 -2.99 -3.57 -4.03 -4.19 -3.96 -4.12 -5.29 -6.81 -7.66 -7.38 -6.84 -6.90 -6.70 -5.83 -4.06 -1.54 0.91 2.50 2.63 1.43 -0.13 -1.30 -2.02
-2.95 -3.36 -3.98 -4.53 -4.93 -4.88 -5.27 -6.14 -6.97 -7.13 -6.82 -7.63 -8.32 -8.27 -7.20 -4.87 -1.88 0.86 2.31 1.86 0.25 -1.26 -2.20 -2.69
-2.79 -3.18 -2.99 -5.73 -5.62 -5.68 -5.87 -6.20 -6.51 -6.39 -7.79 -9.36 -10.18 -9.83 -7.99 -5.00 -1.61 1.03 1.60 0.70 -0.72 -1.81 -2.49 -2.78
-2.86 -5.30 -5.58 -5.65 -5.70 -5.61 -5.35 -5.35 -5.33 -7.02 -9.23 -10.83 -11.13 -9.81 -7.31 -4.12 -1.18 0.01 0.41 -0.22 -1.15 -2.00 -2.70 -2.91
-4.61 -5.10 -5.25 -5.31 -5.17 -3.64 -3.05 -2.88 -4.40 -6.67 -9.64 -10.50 -9.87 -8.15 -5.72 -3.28 -1.83 -0.60 -0.01 -0.25 -1.04 -2.12 -3.09 -3.52
-5.52 -5.64 -5.60 -5.48 -4.04 -2.39 -2.15 -2.94 -4.67 -6.54 -8.78 -8.87 -7.98 -6.45 -4.75 -3.49 -1.99 -0.37 0.68 0.67 -0.25 -1.39 1.06 -4.82
-4.88 -4.73 -4.54 -4.27 -2.87 -1.67 -2.02 -3.04 -4.52 -5.88 -7.49 -7.31 -6.56 -5.64 -4.97 -3.68 -1.62 0.56 1.87 1.23 -0.08 -2.42 -3.72 -4.61
-3.88 -3.67 -3.45 -3.23 -2.06 -1.24 -1.86 -2.88 -4.08 -5.05 -6.45 -6.37 -6.14 -6.21 -5.64 -3.77 -1.04 1.39 2.01 1.19 0.08 -2.22 -3.30 -3.83
-3.21 -3.15 -3.03 -2.87 -1.78 -1.04 -1.72 -2.66 -3.69 -4.53 -6.09 -6.52 -7.25 -7.62 -6.47 -3.94 -0.77 1.73 1.83 1.24 0.32 -1.79 -2.66 -3.09
-3.24 -3.35 -3.32 -3.20 -2.12 -1.31 -1.94 -2.81 -3.79 -4.82 -5.85 -7.09 -8.19 -7.95 -6.25 -3.29 0.19 1.23 1.41 1.12 0.41 -1.55 -2.40 -2.93
-3.56 -3.78 -3.80 -3.72 -2.69 -1.89 -2.47 -3.38 -4.41 -4.74 -6.36 -7.99 -8.62 -7.93 -5.87 -2.48 1.24 0.64 1.13 1.08 0.51 -1.42 -2.37 -3.08
-3.61 -3.83 -3.86 -3.84 -2.88 -2.14 -2.68 -3.52 -3.69 -5.46 -7.51 -8.96 -9.27 -8.31 -5.96 -2.01 1.82 0.62 1.39 1.50 0.94 -1.11 -2.23 -3.07
-3.20 -3.34 -3.37 -3.42 -2.55 -1.84 -2.35 -2.18 -3.59 -5.66 -7.74 -9.03 -9.16 -8.01 -5.19 -0.68 1.32 1.16 2.12 2.24 1.48 -0.76 -1.96 -2.77
-2.60 -2.73 -2.80 -2.92 -2.10 -0.41 -0.89 -1.78 -3.39 -5.59 -7.64 -8.82 -8.83 -7.49 -3.66 1.06 1.79 1.89 2.94 2.84 1.86 -0.42 -1.57 -2.27
-2.34 -2.59 -2.77 -2.93 -2.10 -0.36 -0.82 -1.79 -3.55 -5.86 -7.94 -9.05 -8.92 -6.68 -1.95 -0.90 2.25 2.51 3.55 3.23 2.18 -0.09 -1.21 -1.92
