-2.78 -2.17 -1.32 -0.14 2.13 3.19 3.62 2.72 2.29 -1.03 -0.50 -5.26 -9.40 -9.79 -8.76 -6.65 -4.16 -2.22 -1.18 -0.79 -2.66 -3.61 -3.49 -3.22
-2.34 -1.92 -1.21 -0.09 2.18 3.23 3.55 2.51 2.25 -0.90 -1.95 -6.68 -8.92 -9.05 -7.94 -5.86 -3.55 -1.79 -0.82 -0.36 -2.10 -2.93 -2.77 -2.59
-2.60 -2.27 -1.57 -0.42 1.86 2.84 2.94 1.89 1.79 1.06 -3.66 -7.49 -8.83 -8.82 -7.64 -5.59 -3.39 -1.78 -0.89 -0.41 -2.10 -2.92 -2.80 -2.73
-3.20 -2.77 -1.96 -0.76 1.48 2.24 2.12 1.16 1.32 -0.68 -5.19 -8.01 -9.16 -9.03 -7.74 -5.66 -3.59 -2.18 -2.35 -1.84 -2.55 -3.42 -3.37 -3.34
-3.61 -3.07 -2.23 -1.11 0.94 1.50 1.39 0.62 1.82 -2.01 -5.96 -8.31 -9.27 -8.96 -7.51 -5.46 -3.69 -3.52 -2.68 -2.14 -2.88 -3.84 -3.86 -3.83
-3.56 -3.08 -2.37 -1.42 0.51 1.08 1.13 0.64 1.24 -2.48 -5.87 -7.93 -8.62 -7.99 -6.36 -4.74 -4.41 -3.38 -2.47 -1.89 -2.69 -3.72 -3.80 -3.78
-3.24 -2.93 -2.40 -1.55 0.41 1.12 1.41 1.23 0.19 -3.29 -6.25 -7.95 -8.19 -7.09 -5.85 -4.82 -3.79 -2.81 -1.94 -1.31 -2.12 -3.20 -3.32 -3.35
-3.21 -3.09 -2.66 -1.79 0.32 1.24 1.83 1.73 -0.77 -3.94 -6.47 -7.62 -7.25 -6.52 -6.09 -4.53 -3.69 -2.66 -1.72 -1.04 -1.78 -2.87 -3.03 -3.15
-3.88 -3.83 -3.30 -2.22 0.08 1.19 2.01 1.39 -1.04 -3.77 -5.64 -6.21 -6.14 -6.37 -6.45 -5.05 -4.08 -2.88 -1.86 -1.24 -2.06 -3.23 -3.45 -3.67
-4.88 -4.61 -3.72 -2.42 -0.08 1.23 1.87 0.56 -1.62 -3.68 -4.97 -5.64 -6.56 -7.31 -7.49 -5.88 -4.52 -3.04 -2.02 -1.67 -2.87 -4.27 -4.54 -4.73
-5.52 -4.82 1.06 -1.39 -0.25 0.67 0.68 -0.37 -1.99 -3.49 -4.75 -6.45 -7.98 -8.87 -8.78 -6.54 -4.67 -2.94 -2.15 -2.39 -4.04 -5.48 -5.60 -5.64
-4.61 -3.52 -3.09 -2.12 -1.04 -0.25 -0.01 -0.60 -1.83 -3.28 -5.72 -8.15 -9.87 -10.50 -9.64 -6.67 -4.40 -2.88 -3.05 -3.64 -5.17 -5.31 -5.25 -5.10
-2.86 -2.91 -2.70 -2.00 -1.15 -0.22 0.41 0.01 -1.18 -4.12 -7.31 -9.81 -11.13 -10.83 -9.23 -7.02 -5.33 -5.35 -5.35 -5.61 -5.70 -5.65 -5.58 -5.30
-2.79 -2.78 -2.49 -1.81 -0.72 0.70 1.60 1.03 -1.61 -5.00 -7.99 -9.83 -10.18 -9.36 -7.79 -6.39 -6.51 -6.20 -5.87 -5.68 -5.62 -5.73 -2.99 -3.18
-2.95 -2.69 -2.20 -1.26 0.25 1.86 2.31 0.86 -1.88 -4.87 -7.20 -8.27 -8.32 -7.63 -6.82 -7.13 -6.97 -6.14 -5.27 -4.88 -4.93 -4.53 -3.98 -3.36
-2.47 -2.02 -1.30 -0.13 1.43 2.63 2.50 0.91 -1.54 -4.06 -5.83 -6.70 -6.90 -6.84 -7.38 -7.66 -6.81 -5.29 -4.12 -3.96 -4.19 -4.03 -3.57 -2.99
-1.25 -0.74 0.09 1.28 2.62 3.40 2.98 1.44 -0.73 -2.95 -4.59 -5.66 -6.41 -7.39 -8.33 -7.96 -6.35 -4.50 -3.43 -3.36 -3.27 -2.92 -2.39 -1.78
-0.16 0.30 1.11 2.22 3.39 4.03 3.55 2.12 0.11 -2.04 -3.89 -5.50 -7.16 -8.81 -9.19 -8.08 -6.00 -4.02 -2.95 -2.73 -2.34 -1.83 -1.24 -0.63
0.29 0.66 1.37 2.36 3.41 4.08 3.65 2.32 0.38 -1.92 -4.25 -6.59 -8.83 -10.02 -9.74 -8.09 -5.63 -3.67 -3.04 -2.53 -1.95 -1.36 -0.75 -0.13
0.03 0.38 0.99 1.86 2.79 3.49 3.34 2.02 0.00 -2.60 -5.53 -8.34 -10.30 -10.97 -10.21 -7.96 -5.13 -3.94 -3.34 -2.66 -2.04 -1.50 -0.97 -0.42
-1.10 -0.52 0.19 1.07 1.94 2.63 2.77 1.74 -0.48 -3.64 -7.09 -9.91 -11.60 -11.95 -10.75 -6.34 -5.66 -4.68 -3.69 -2.88 -2.38 -2.16 -1.99 -1.65
-2.52 -1.61 -0.63 0.42 1.37 2.09 2.35 1.48 -0.97 -4.53 -8.17 -10.99 -12.63 -7.93 -9.51 -8.62 -6.90 -5.18 -3.82 -3.02 -2.92 -3.19 -3.38 -3.18
-3.18 -2.23 -1.08 0.18 1.32 2.18 2.54 1.72 -0.81 -4.47 -8.08 -10.84 -8.00 -11.49 -11.66 -9.79 -7.28 -5.07 -3.65 -3.22 -3.41 -3.79 -4.00 -3.81
-3.69 -2.89 -1.85 -0.57 1.70 2.69 3.13 2.32 -0.17 -3.71 -7.14 -5.73 -10.04 -12.44 -11.66 -9.53 -7.05 -5.14 -4.26 -4.21 -4.30 -4.47 -4.50 -4.25
